x0 = 0.79
y0 = 0.02
f1: sin(x+1) - 2.2 - y
f2: 2 - 2 * x - cos(y)
Метод простой итерации

Матрица Якоби
cos(x + 1) -1
 -2 sin(y)
Значение матрицы Якоби в точке (x0,y0)
-0.21745242 -1.        
 -2.          0.01999867
Норма матрицы Якоби = 2.01999866669333
Itr |   x           |       y       | Норма невязки     |     F1        |       F2        | Норма Якобиана
1 0.500099996666710 -1.22392907801748 0.659846698032719 0.0214311331187593 0.659846698032719 2.01999866669333
2 0.830023345683070 -1.20249794489872 0.0309136472846199 -0.0309136472846199 -0.0200751354773622 2.94044231505653
3 0.819985777944390 -1.23341159218334 0.0290080432670682 0.00252422858421442 0.0290080432670682 2.93294132689621
4 0.834489799577925 -1.23088736359913 0.00367876774246301 -0.00367876774246301 -0.00238086454293673 2.94362359774699
5 0.833299367306455 -1.23456613134159 0.00347053531371627 0.000309599794541482 0.00347053531371627 2.94278502122079
6 0.835034634963315 -1.23425653154705 0.000451753401735422 -0.000451753401735422 -0.000292247981934945 2.94400514477054
Метод Ньютона

Матрица Якоби
cos(x + 1) -1
 -2 sin(y)
Значение матрицы Якоби в точке (x0,y0)
-0.21745242 -1.        
 -2.          0.01999867
Норма матрицы Якоби = 2.01999866669333
Itr |   x           |       y       | Норма невязки     |     F1        |       F2        |
1 0.488317507305621 -1.15832748970390 1.17832748970390 -0.0450719603369403 0.622492652592683
2 0.808140335301859 -1.17705073844314 0.319822827996238 -0.0509833773417017 0.0000692606831636522
3 0.834587197543824 -1.23425235296260 0.0572016145194596 -0.000339169555407803 0.000598682681725637
4 0.835111077571495 -1.23472812012559 0.000523880027670676 -1.32472063762989E-7 3.73572148770762E-8

 Метод градиентного спуска
Градиент
8*x + 2*(-y + sin(x + 1) - 2.2)*cos(x + 1) + 4*cos(y) - 8
 2*y + 2*(-2*x - cos(y) + 2)*sin(y) - 2*sin(x + 1) + 4.4
Itr |   x           |       y         |       Alpha       | Норма невязки     |     F1           |       F2        |       FF     | k |
1 0.326865004526146 -0.379090110684858 0.16192451030292754 0.370075333958063 -0.850513903832302 0.417268243265914 0.897486687450285 0.5
2 -0.0743138109897049 -0.110560579691684 -0.1928833118370062 0.601286445945502 -1.29040587287603 1.15473321968067 2.99855612538703 0.5
3 -0.0456186033725862 -0.121376936987886 0.004650205261048092 0.578113621746517 -1.26266678945873 1.09859434816567 2.80123696302357 0.5
4 -0.0470300819546061 -0.120832217804625 -0.00024110087661801457 0.579264750288450 -1.26402831616931 1.10135149847708 2.81074270727553 0.5
5 -0.0462367555677975 -0.121138008729419 0.00013515344166399352 0.578617896423976 -1.26326323579219 1.09980175166446 2.80539789586839 0.5
6 -0.0476498720215639 -0.120592946652867 -0.00024110087661801457 0.579769854341035 -1.26462676640017 1.10256226566639 2.81492440796716 0.5
7 -0.0468556247090412 -0.120898930684331 0.00013515344166399352 0.579122534488120 -1.26386055876185 1.10101062765872 2.80956791421126 0.5
8 -0.0460625574542321 -0.121204667659893 0.00013515344166399352 0.578475811880989 -1.26309579509086 1.09946141283819 2.80422638589637 0.5
9 -0.0474752124273092 -0.120659701572852 -0.00024110087661801457 0.579627536304212 -1.26445876154101 1.10222097936467 2.81374704698945 0.5
10 -0.0466812245910257 -0.120965631545147 0.00013515344166399352 0.578980347640467 -1.26369287126112 1.10066987406325 2.80839384454657 0.5
11 -0.0458884163711157 -0.121271314602465 0.00013515344166399352 0.578333756309620 -1.26292842411246 1.09912119103340 2.80305559700985 0.5
12 -0.0473006100363904 -0.120726444449830 -0.00024110087661801457 0.579485247205018 -1.26429082673211 1.10187981044307 2.81257041122100 0.5
13 -0.0465068815791007 -0.121032320394018 0.00013515344166399352 0.578838189749625 -1.26352525362645 1.10032923764617 2.80722049777079 0.5
14 -0.0457143322970302 -0.121337949564055 0.00013515344166399352 0.578191729713934 -1.26276112281642 1.09878108620568 2.80188552869992 0.5
15 -0.0471260648273167 -0.120793175290761 -0.00024110087661801457 0.579342987047639 -1.26412296193270 1.10153875885700 2.81139450014973 0.5
16 -0.0463325956518166 -0.121098997237882 0.00013515344166399352 0.578696060819712 -1.26335770581722 1.09998871836299 2.80604787337362 0.5
17 -0.0477459663922838 -0.120553879961556 -0.00024110087661801457 0.579848147463029 -1.26472154947260 1.10274975540849 2.81557762075387 0.5
18 -0.0469515761007051 -0.120859895077205 0.00013515344166399352 0.579200755283634 -1.26395516573484 1.10119782332362 2.81021930708047 0.5
19 -0.0461583661109036 -0.121165663057661 0.00013515344166399352 0.578553960302780 -1.26319022642724 1.09964831493333 2.80487596467700 0.5
20 -0.0475712752750711 -0.120620641801850 -0.00024110087661801457 0.579705813470691 -1.26455350574360 1.10240840430461 2.81439985876988 0.5
21 -0.0467771445135111 -0.120926602840854 0.00013515344166399352 0.579058552470065 -1.26378743946622 1.10085700503780 2.80904483769337 0.5
22 -0.0459841936122849 -0.121232316885643 0.00013515344166399352 0.578411888755263 -1.26302281678263 1.09930802854976 2.80370477734749 0.5
23 -0.0473966413730800 -0.120687391595222 -0.00024110087661801457 0.579563508413713 -1.26438553208740 1.10206717060556 2.81322282227848 0.5
24 -0.0466027700442706 -0.120993298588655 0.00013515344166399352 0.578916378611075 -1.26361978308616 1.10051630395502 2.80787109147753 0.5
25 -0.0458100781345376 -0.121298958728753 0.00013515344166399352 0.578269846181234 -1.26285547684282 1.09896785916788 2.80253431087594 0.5
26 -0.0472220646648148 -0.120754129348635 -0.00024110087661801457 0.579421232296290 -1.26421762846325 1.10172605426673 2.81204651076739 0.5
27 -0.0464284526715288 -0.121059982327548 0.00013515344166399352 0.578774233710789 -1.26345219655402 1.10017572003079 2.80669806792244 0.5
28 -0.0456360196562477 -0.121365588593911 0.00013515344166399352 0.578127832584753 -1.26268820656728 1.09862780674326 2.80136456475360 0.5
29 -0.0470475451287886 -0.120820855069046 -0.00024110087661801457 0.579278985122601 -1.26404979483041 1.10138505524358 2.81087092372471 0.5
30 -0.0462541923738400 -0.121126654064471 0.00013515344166399352 0.578632117773321 -1.26328467982916 1.09983525322064 2.80552576651797 0.5
31 -0.0476673557827874 -0.120581577621972 -0.00024110087661801457 0.579784099676408 -1.26464827211329 1.10259586554870 2.81505289488424 0.5
32 -0.0468730820657510 -0.120887569737784 0.00013515344166399352 0.579136766344270 -1.26388202978128 1.10104417225351 2.80969605445746 0.5
33 -0.0460799884530670 -0.121193314780112 0.00013515344166399352 0.578490030250790 -1.26311723150577 1.09949490224443 2.80435418058828 0.5
34 -0.0474926903630492 -0.120648334333999 -0.00024110087661801457 0.579641778662817 -1.26448025959716 1.10225456705828 2.81387545751174 0.5
35 -0.0466986761325328 -0.120954272386769 0.00013515344166399352 0.578994576518282 -1.26371433464322 1.10070340649114 2.80852190864396 0.5
36 -0.0459058415650083 -0.121259963506990 0.00013515344166399352 0.578347971699548 -1.26294985290962 1.09915466829451 2.80318331579805 0.5
37 -0.0473180821489205 -0.120715079002153 -0.00024110087661801457 0.579499486586514 -1.26431231713563 1.10191338595278 2.81269874540279 0.5
38 -0.0465243273076742 -0.121020963022944 0.00013515344166399352 0.578852415648770 -1.26354670937557 1.10036275791197 2.80734848577346 0.5
39 -0.0457317516882453 -0.121326600252025 0.00013515344166399352 0.578205942123662 -1.26278254400017 1.09881455132646 2.80201317163831 0.5
40 -0.0471435311189092 -0.120781811633394 -0.00024110087661801457 0.579357223451688 -1.26414444468794 1.10157232218765 2.81152275804528 0.5
41 -0.0463500355697244 -0.121087641653249 0.00013515344166399352 0.578710283739855 -1.26337915393767 1.10002222647152 2.80617578533564 0.5
42 -0.0455577188013681 -0.121393225022137 0.00013515344166399352 0.578063941527186 -1.26261530473687 1.09847455129590 2.80084374760050 0.5
43 -0.0469690372515327 -0.120848532234677 -0.00024110087661801457 0.579214989262512 -1.26397664221339 1.10123137571832 2.81034749492749 0.5
44 -0.0461758008972415 -0.121154308284619 0.00013515344166399352 0.578568180795642 -1.26321166828893 1.09968181212532 2.80500380682053 0.5
45 -0.0475887570100908 -0.120609272664898 -0.00024110087661801457 0.579720057951748 -1.26457500926848 1.10244199980918 2.81452831700964 0.5
46 -0.0467945998476731 -0.120915241787101 0.00013515344166399352 0.579072783470677 -1.26380890830471 1.10089054526247 2.80917294935864 0.5
47 -0.0460016225922208 -0.121220963897512 0.00013515344166399352 0.578426106268318 -1.26304425102386 1.09934151359351 2.80383254355449 0.5
48 -0.0474141172834247 -0.120676024250054 -0.00024110087661801457 0.579577749917734 -1.26440702795692 1.10210075392310 2.81335120414473 0.5
49 -0.0466202195640368 -0.120981939322813 0.00013515344166399352 0.578930606633086 -1.26364124428893 1.10054983201448 2.80799912701518 0.5
50 -0.0458275013103365 -0.121287607524672 0.00013515344166399352 0.578284060714155 -1.26287690346793 1.09900133206817 2.80266200120035 0.5
51 -0.0472395347527576 -0.120742763794383 -0.00024110087661801457 0.579435470822935 -1.26423911668176 1.10175962540208 2.81217481631440 0.5
52 -0.0464458963791678 -0.121048624848753 0.00013515344166399352 0.578788458753868 -1.26347365012541 1.10020923592985 2.80682602738656 0.5
53 -0.0456534370301740 -0.121354239173018 0.00013515344166399352 0.578142044137214 -1.26270962558057 1.09866126750491 2.80149217924932 0.5
54 -0.0470650093966015 -0.120809491304846 -0.00024110087661801457 0.579293220671532 -1.26407127540226 1.10141861420154 2.81099915300673 0.5
55 -0.0462716302716194 -0.121115298371860 0.00013515344166399352 0.578646339837135 -1.26330612577350 1.09986875696410 2.80565364996261 0.5
56 -0.0476848406391189 -0.120570207561710 -0.00024110087661801457 0.579798345726802 -1.26466977973979 1.10262946762574 2.81518139466370 0.5
57 -0.0468905405156724 -0.120876207762829 0.00013515344166399352 0.579150998915131 -1.26390350271071 1.10107771903884 2.80982420752817 0.5
58 -0.0460974205432207 -0.121181960872882 0.00013515344166399352 0.578504249334989 -1.26313866982729 1.09952839383704 2.80448198806693 0.5
59 -0.0475101693934777 -0.120636966065992 -0.00024110087661801457 0.579656021736373 -1.26450175956593 1.10228815694568 2.81400388088804 0.5
60 -0.0467161287668328 -0.120942912200195 0.00013515344166399352 0.579008806110736 -1.26373579993457 1.10073694110865 2.80864998555751 0.5
61 -0.0459232678498021 -0.121248611384277 0.00013515344166399352 0.578362187803803 -1.26297128361267 1.09918814774107 2.80331104736468 0.5
62 -0.0473355553557195 -0.120703712525534 -0.00024110087661801457 0.579513726682892 -1.26433380945103 1.10194696365537 2.81282709243024 0.5
63 -0.0465417741286220 -0.121009604623887 0.00013515344166399352 0.578866642262485 -1.26356816703318 1.10039628036648 2.80747648658397 0.5
64 -0.0457491721699438 -0.121315249912970 0.00013515344166399352 0.578220155247647 -1.26280396708906 1.09884801863178 2.80214082734685 0.5
65 -0.0471609985043516 -0.120770446947297 -0.00024110087661801457 0.579371460570548 -1.26416592935431 1.10160588771025 2.81165102877815 0.5
66 -0.0463674765795881 -0.121076285040846 0.00013515344166399352 0.578724507374497 -1.26340060396588 1.10005573676783 2.80630371009718 0.5
67 -0.0455751334822350 -0.121381876465877 0.00013515344166399352 0.578078151670574 -1.26263672021593 1.09850800646477 2.80097132750483 0.5
68 -0.0469864988178900 -0.120837169338238 -0.00024110087661801457 0.579229223403517 -1.26399811923507 1.10126492906575 2.81047568941999 0.5
69 -0.0461932360982884 -0.121142953458006 0.00013515344166399352 0.578582401450882 -1.26323311069206 1.09971531026825 2.80513165558714 0.5
70 -0.0476062391612807 -0.120597903473769 -0.00024110087661801457 0.579734302594734 -1.26459651333783 1.10247559626788 2.81465678191241 0.5
71 -0.0468120555971832 -0.120903880679514 0.00013515344166399352 0.579087014633472 -1.26383037768596 1.10092408643948 2.80930106766443 0.5
72 -0.0460190519866843 -0.121209610855887 0.00013515344166399352 0.578440323943806 -1.26306568580616 1.09937499958778 2.80396031637963 0.5
73 -0.0474315936097576 -0.120664656850785 -0.00024110087661801457 0.579591991583739 -1.26442852437053 1.10213433819438 2.81347959266901 0.5
74 -0.0466376694989694 -0.120970580003212 0.00013515344166399352 0.578944834817335 -1.26366270603409 1.10058336102588 2.80812716918841 0.5
75 -0.0458449249004819 -0.121276256267172 0.00013515344166399352 0.578298275409563 -1.26289833063372 1.09903480591860 2.80278969813797 0.5
76 -0.0472570052565065 -0.120731398186108 -0.00024110087661801457 0.579449709511620 -1.26426060544398 1.10179319749076 2.81230312851449 0.5
77 -0.0464633405017916 -0.121037267316276 0.00013515344166399352 0.578802683959237 -1.26349510423880 1.10024275278045 2.80695399348132 0.5
78 -0.0456708548182654 -0.121342889698783 0.00013515344166399352 0.578156255852215 -1.26273104513419 1.09869472921629 2.80161980035333 0.5
79 -0.0470824740800388 -0.120798127486699 -0.00024110087661801457 0.579307456382558 -1.26409275651743 1.10145217411245 2.81112738893687 0.5
80 -0.0462890685842022 -0.121103942625643 0.00013515344166399352 0.578660562063294 -1.26332757225947 1.09990226165871 2.80578154003295 0.5
81 -0.0477023259117152 -0.120558837447235 -0.00024110087661801457 0.579812591939092 -1.26469128791094 1.10266307065712 2.81530990110882 0.5
82 -0.0469079993810363 -0.120864845734004 0.00013515344166399352 0.579165231648141 -1.26392497618310 1.10111126677671 2.80995236724205 0.5
83 -0.0461148530479964 -0.121170606912121 0.00013515344166399352 0.578518468581587 -1.26316010869008 1.09956188638040 2.80460980216635 0.5
84 -0.0475276488399889 -0.120625597743849 -0.00024110087661801457 0.579670264971880 -1.26452326007899 1.10232174778703 2.81413231092504 0.5
85 -0.0467335818163937 -0.120931551959827 0.00013515344166399352 0.579023035865395 -1.26375726576851 1.10077047667831 2.80877806910929 0.5
86 -0.0459406945490365 -0.121237259208111 0.00013515344166399352 0.578376404070512 -1.26299271485660 1.09922162813798 2.80343878554715 0.5
87 -0.0473530289784194 -0.120692345994856 -0.00024110087661801457 0.579527966941276 -1.26435530231033 1.10198054231152 2.81295544611343 0.5
88 -0.0465592213646490 -0.120998246171113 0.00013515344166399352 0.578880869038458 -1.26358962523300 1.10042980377273 2.80760449402777 0.5
89 -0.0457665930659017 -0.121303899520537 0.00013515344166399352 0.578234368534139 -1.26282539071846 1.09888148688704 2.80226848966630 0.5
90 -0.0471784663055128 -0.120759082207218 -0.00024110087661801457 0.579385697851470 -1.26418741456421 1.10163945418600 2.81177930616178 0.5
91 -0.0463849180043496 -0.121064928374801 0.00013515344166399352 0.578738731171453 -1.26342205453592 1.10008924801549 2.80643164148706 0.5
92 -0.0455925485771802 -0.121370527856316 0.00013515344166399352 0.578092361976525 -1.26265813623512 1.09854146258318 2.80109891401515 0.5
93 -0.0470039607997844 -0.120825806387893 -0.00024110087661801457 0.579243457706639 -1.26401959679991 1.10129848336593 2.81060389055831 0.5
94 -0.0462106717140517 -0.121131598577829 0.00013515344166399352 0.578596622268489 -1.26325455363666 1.09974880936212 2.80525951097714 0.5
95 -0.0476237217286480 -0.120586534228469 -0.00024110087661801457 0.579748547399637 -1.26461801795164 1.10250919368075 2.81478525347851 0.5
